Potential (V)	Frequency (Hz)	|Z| (ohms)	Zre (ohms)	Zim (ohms)
0.188445196	100000	5.627956662	4.826872826	2.893992901
0.188445196	79432.82031	5.365863443	4.862820148	2.268362999
0.188445196	63095.73828	5.286544393	4.973616123	1.79184103
0.188445196	50118.71875	5.228896964	5.035061836	1.410501957
0.188445196	39810.71875	5.070923626	4.955860138	1.074112058
0.188445196	31622.7793	5.157638518	5.093294144	0.812151372
0.188445196	25118.85938	5.165041078	5.128902912	0.609921515
0.188445196	19952.61914	5.174172322	5.154254913	0.453558713
0.188445196	15848.92969	5.197288524	5.188321114	0.305175394
0.188445196	12589.25	5.207524879	5.204063892	0.189827204
0.188445196	10000	5.227318158	5.226147175	0.110638298
0.188445196	7943.282227	5.260382184	5.26035881	0.01568131
0.188445196	6309.573242	5.292153876	5.291977882	-0.0431595
0.188445196	5011.87207	5.335095016	5.334121227	-0.101929203
0.188445196	3981.072021	5.372783257	5.370780945	-0.146669596
0.188445196	3162.278076	5.425272137	5.42208004	-0.186080098
0.188445196	2511.885986	5.467830698	5.463444233	-0.218974099
0.188445196	1995.261963	5.518587424	5.513257027	-0.242495596
0.188445196	1584.892944	5.56718147	5.561041832	-0.261387199
0.188445196	1258.926025	5.619601975	5.612921238	-0.273937106
0.188445196	1000	5.670783051	5.663661957	-0.284101486
